Values for 2 native nodes:

transm: 1,1,2,2,3,3,4,4,5,5,6,6,7,7,8,8,9,9,10,10,11,11,12,12,13,13,14,14,15,15,16,16,17,17,18,18,19,19,20,20,21,21,22,22,23,23,24,24,25,25,26,26,27,27,28,28,29,29,30,30,31,31,32,32,33,33,34,34,35,35,36,36,37,37,38,38,39,39,40,40,41,41,42,42,43,43,44,44,45,45,46,46,47,47,48,48,49,49,50,50,51,51,52,52,53,53,54,54,55,55,56,56,57,57,58,58,59,59

cod_gain: 2.000000,2.000000,2.000000,2.000000,2.000000,2.000000,2.000000,2.000000,2.000000,2.000000,2.000000,2.000000,2.000000,2.000000,2.000000,2.000000,2.000000,2.000000,2.000000,2.000000,2.000000,2.000000,2.000000,2.000000,2.000000,2.000000,2.000000,2.000000,2.000000,2.000000,2.000000,2.000000,2.000000,2.000000,2.000000,2.000000,2.000000,2.000000,2.000000,2.000000,2.000000,2.000000,2.000000,2.000000,2.000000,2.000000,2.000000,2.000000,2.000000,2.000000,2.000000,2.000000,2.000000,2.000000,2.000000,2.000000,2.000000,2.000000,2.000000

cod_gain_avg: 2.000000
cod_gain_ideal: 2.000000

Values for 3 native nodes:

transm: 1,1,2,3,3,4,5,5,6,7,7,8,9,9,10,11,11,12,13,13,14,15,15,16,17,17,18,19,19,20,21,21,22,23,23,24,25,29,30,31,31,32,32,33,34,34,35,36,36,37,38,38,39,40,40,41,42,42,43,44,44,45,46,46,47,48,48,49,50,55,56,57,57,58,59,59,60,61,61,62,63,63,64,65,65,66,67,67,68,69,69,70,71,71,72,73,73,74,75,75,76,77,77,78,79,79,80,81,88,89,90,90,91,92,92,93,94,94,95,96,96,97,98,98,99,100,100,101,102,102,103,104,104,105,106,106,107,108,116,117,118,118,119,120,120,121,122,122,123,123,124,125,125,126,127,127,128,129,129,130,131,131,132,133,133,134,135,135,136,137,137,139,140,140,141,142,142,143,144,145,146,146,147,148,148,149,150,151,151,152,153,153,154,154,155,156,163,164,164,165,166,166,167,167,168

cod_gain: 2.000000,1.500000,1.666667,1.500000,1.600000,1.500000,1.571429,1.500000,1.555556,1.500000,1.545455,1.500000,1.538462,1.500000,1.533333,1.500000,1.529412,1.500000,1.526316,1.500000,1.523810,1.500000,1.521739,1.500000,1.480000,1.423077,1.370370,1.321429,1.310345,1.300000,1.322581,1.343750,1.333333,1.352941,1.342857,1.361111,1.351351,1.368421,1.358974,1.375000,1.365854,1.380952,1.372093,1.386364,1.377778,1.391304,1.382979,1.395833,1.387755,1.380000,1.352941,1.326923,1.301887,1.277778,1.272727,1.267857,1.280702,1.275862,1.288136,1.283333,1.295082,1.290323,1.301587,1.296875,1.307692,1.303030,1.313433,1.308824,1.318841,1.314286,1.323944,1.319444,1.328767,1.324324,1.333333,1.328947,1.337662,1.333333,1.341772,1.337500,1.333333,1.317073,1.301205,1.285714,1.270588,1.255814,1.241379,1.238636,1.235955,1.244444,1.241758,1.250000,1.247312,1.255319,1.252632,1.260417,1.257732,1.265306,1.262626,1.270000,1.267327,1.274510,1.271845,1.278846,1.276190,1.283019,1.280374,1.277778,1.266055,1.254545,1.243243,1.232143,1.221239,1.210526,1.200000,1.198276,1.196581,1.203390,1.201681,1.208333,1.206612,1.213115,1.219512,1.217742,1.224000,1.222222,1.228346,1.226562,1.232558,1.230769,1.236641,1.234848,1.240602,1.238806,1.244444,1.242647,1.248175,1.239130,1.237410,1.242857,1.241135,1.246479,1.244755,1.243056,1.241379,1.246575,1.244898,1.250000,1.248322,1.246667,1.251656,1.250000,1.254902,1.259740,1.258065,1.256410,1.248408,1.240506,1.232704,1.225000,1.217391,1.209877,1.208589,1.213415,1.212121,1.216867,1.221557,1.220238

cod_gain_avg: 1.317539
cod_gain_ideal: 1.500000

Values for 4 native nodes:

transm: 1,1,2,3,4,4,5,6,7,7,8,9,10,10,11,12,13,13,14,15,16,16,17,18,19,19,20,21,22,22,23,24,25,26,27,28,29,29,30,31,32,32,33,34,35,35,36,37,38,38,39,40,41,41,42,43,44,44,45,46,47,47,48,49,50,50,51,52,53,59,60,61,62,62,63,64,65,65,66,67,68,68,69,70,71,71,72,73,74,74,75,76,77,77,78,79,80,80,81,82,83,92,93,94,95,95,96,97,98,98,99,100,101,101,102,103,104,104,105,106,107,107,108,109,110,110,111,112,113,113,114,115,116,130,131,132,133,133,134,136,136,137,138,139,139,140,141,142,142,144,145,145,146,147,148,148,149,150,151,151,152,160,161,161,162,163,164,164,165,166,167,168,169,170,170,171,172,173,173,174,175,176,176,177,188,189,189,190,191,192,192,193,194,195,195,196,197,198,198,199,200,201,201,202,203,203,204,205,206,206,207,208,209,209,210,222,223,223,224,225,226,226,227,228,229,229,230,231,232,232,233,234,235,235,236,237,237,238,239,240,240,241,246,253,254,254,255,256,257,257,258,259,260,260,261,262,263,263,264,265,266,266,267,285,286,286,287,288,289,289,290,291,292,292,293,294

cod_gain: 2.000000,1.500000,1.333333,1.500000,1.400000,1.333333,1.428571,1.375000,1.333333,1.400000,1.363636,1.333333,1.384615,1.357143,1.333333,1.375000,1.352941,1.333333,1.368421,1.350000,1.333333,1.363636,1.347826,1.333333,1.320000,1.307692,1.296296,1.285714,1.310345,1.300000,1.290323,1.312500,1.303030,1.294118,1.314286,1.305556,1.297297,1.315789,1.307692,1.300000,1.317073,1.309524,1.302326,1.318182,1.311111,1.304348,1.319149,1.312500,1.306122,1.320000,1.313725,1.307692,1.301887,1.277778,1.254545,1.232143,1.210526,1.189655,1.186441,1.183333,1.180328,1.193548,1.190476,1.187500,1.200000,1.196970,1.194030,1.205882,1.202899,1.200000,1.211268,1.208333,1.205479,1.216216,1.213333,1.210526,1.220779,1.217949,1.215190,1.225000,1.222222,1.219512,1.216867,1.202381,1.188235,1.174419,1.160920,1.147727,1.134831,1.122222,1.109890,1.108696,1.107527,1.106383,1.115789,1.114583,1.113402,1.122449,1.121212,1.120000,1.128713,1.127451,1.126214,1.134615,1.133333,1.132075,1.140187,1.138889,1.137615,1.145455,1.144144,1.142857,1.150442,1.149123,1.147826,1.146552,1.136752,1.127119,1.117647,1.108333,1.099174,1.090164,1.081301,1.072581,1.064000,1.055556,1.047244,1.039062,1.031008,1.030769,1.030534,1.030303,1.037594,1.037313,1.029630,1.036765,1.036496,1.036232,1.043165,1.042857,1.042553,1.049296,1.041958,1.041667,1.048276,1.047945,1.047619,1.054054,1.053691,1.053333,1.059603,1.059211,1.052288,1.045455,1.038710,1.032051,1.025478,1.018987,1.012579,1.012500,1.018634,1.018519,1.018405,1.024390,1.024242,1.024096,1.023952,1.023810,1.023669,1.029412,1.029240,1.029070,1.034682,1.034483,1.034286,1.039773,1.039548,1.033708,1.027933,1.022222,1.016575,1.010989,1.005464,1.000000,0.994595,0.989247,0.983957,0.984043,0.989418,0.989474,0.989529,0.994792,0.994819,0.994845,1.000000,1.000000,1.000000,1.005051,1.005025,1.005000,1.009950,1.009901,1.014778,1.014706,1.014634,1.019417,1.019324,1.019231,1.023923,1.023810,1.018957,1.014151,1.009390,1.004673,1.000000,0.995370,0.990783,0.986239,0.981735,0.977273,0.972851,0.972973,0.977578,0.977679,0.977778,0.982301,0.982379,0.982456,0.986900,0.986957,0.987013,0.991379,0.991416,0.991453,0.995745,0.995763,1.000000,1.000000,1.000000,1.004167,1.004149,1.000000,0.995885,0.991803,0.987755,0.987805,0.983806,0.979839,0.975904,0.972000,0.968127,0.964286,0.964427,0.968504,0.968627,0.968750,0.972763,0.972868,0.972973,0.976923,0.977011,0.977099,0.980989,0.981061,0.981132,0.984962,0.985019,0.981343,0.977695,0.974074,0.970480,0.966912,0.963370,0.959854,0.956364,0.952899,0.949458,0.946043,0.942652,0.939286,0.935943,0.932624,0.929329,0.926056,0.926316,0.930070,0.930314,0.930556,0.934256,0.934483,0.934708,0.938356,0.938567,0.938776

cod_gain_avg: 1.101764
cod_gain_ideal: 1.333333