Values for 3 native nodes:

transm:


y_cod_gain:


cod_gain_avg: 0.000000
cod_gain_ideal: 1.500000

Values for 3 native nodes:

transm:
1,1,2,3,3,4,5,5,6,7,7,8,9,9,10,11,11,12,13,13,14,15,15,16,17,17,18,19,19,20,21,21,22,23,23,24,25,29,30,31,31,32,32,33,34,34,35,36,36,37,38,38,39,40,40,41,42,42,43,44,44,45,46,46,47,48,48,49,50,55,56,57,57,58,59,59,60,61,61,62,63,63,64,65,65,66,67,67,68,69,69,70,71,71,72,73,73,74,75,75,76,77,77,78,79,79,80,81,88,89,90,90,91,92,92,93,94,94,95,96,96,97,98,98,99,100,100,101,102,102,103,104,104,105,106,106,107,108,116,117,118,118,119,120,120,121,122,122,123,123,124,125,125,126,127,127,128,129,129,130,131,131,132,133,133,134,135,135,136,137,137,139,140,140,141,142,142,143,144,145,146,146,147,148,148,149,150,151,151,152,153,153,154,154,155,156,163,164,164,165,166,166,167,167,168

y_cod_gain:
2.000000,1.500000,1.666667,1.500000,1.600000,1.500000,1.571429,1.500000,1.555556,1.500000,1.545455,1.500000,1.538462,1.500000,1.533333,1.500000,1.529412,1.500000,1.526316,1.500000,1.523810,1.500000,1.521739,1.500000,1.480000,1.423077,1.370370,1.321429,1.310345,1.300000,1.322581,1.343750,1.333333,1.352941,1.342857,1.361111,1.351351,1.368421,1.358974,1.375000,1.365854,1.380952,1.372093,1.386364,1.377778,1.391304,1.382979,1.395833,1.387755,1.380000,1.352941,1.326923,1.301887,1.277778,1.272727,1.267857,1.280702,1.275862,1.288136,1.283333,1.295082,1.290323,1.301587,1.296875,1.307692,1.303030,1.313433,1.308824,1.318841,1.314286,1.323944,1.319444,1.328767,1.324324,1.333333,1.328947,1.337662,1.333333,1.341772,1.337500,1.333333,1.317073,1.301205,1.285714,1.270588,1.255814,1.241379,1.238636,1.235955,1.244444,1.241758,1.250000,1.247312,1.255319,1.252632,1.260417,1.257732,1.265306,1.262626,1.270000,1.267327,1.274510,1.271845,1.278846,1.276190,1.283019,1.280374,1.277778,1.266055,1.254545,1.243243,1.232143,1.221239,1.210526,1.200000,1.198276,1.196581,1.203390,1.201681,1.208333,1.206612,1.213115,1.219512,1.217742,1.224000,1.222222,1.228346,1.226562,1.232558,1.230769,1.236641,1.234848,1.240602,1.238806,1.244444,1.242647,1.248175,1.239130,1.237410,1.242857,1.241135,1.246479,1.244755,1.243056,1.241379,1.246575,1.244898,1.250000,1.248322,1.246667,1.251656,1.250000,1.254902,1.259740,1.258065,1.256410,1.248408,1.240506,1.232704,1.225000,1.217391,1.209877,1.208589,1.213415,1.212121,1.216867,1.221557,1.220238

cod_gain_avg: 1.317539
cod_gain_ideal: 1.500000

Values for 2 native nodes:

transm:
1,1,2,2,3,3,4,4,5,5,6,6,7,7,8,8,9,9,10,10,11,11,12,12,13,13,14,14,15,15,16,16,17,17,18,18,19,19,20,20,21,21,22,22,23,23,24,24,25,25,26,26,27,27,28,28,29,29,30,30,31,31,32,32,33,33,34,34,35,35,36,36,37,37,38,38,39,39,40,40,41,41,42,42,43,43,44,44,45,45,46,46,47,47,48,48,49,49,50,50,51,51,52,52,53,53,54,54,55,55,56,56,57,57,58,58,59,59

y_cod_gain:
2.000000,2.000000,2.000000,2.000000,2.000000,2.000000,2.000000,2.000000,2.000000,2.000000,2.000000,2.000000,2.000000,2.000000,2.000000,2.000000,2.000000,2.000000,2.000000,2.000000,2.000000,2.000000,2.000000,2.000000,2.000000,2.000000,2.000000,2.000000,2.000000,2.000000,2.000000,2.000000,2.000000,2.000000,2.000000,2.000000,2.000000,2.000000,2.000000,2.000000,2.000000,2.000000,2.000000,2.000000,2.000000,2.000000,2.000000,2.000000,2.000000,2.000000,2.000000,2.000000,2.000000,2.000000,2.000000,2.000000,2.000000,2.000000,2.000000

cod_gain_avg: 2.000000
cod_gain_ideal: 2.000000

Values for 3 native nodes:

transm: 

cod_gain: 

cod_gain_avg: 0.000000
cod_gain_ideal: 1.500000

Values for 3 native nodes:

transm: 1,1,2,3,3,4,5,5,6,7,7,8,9,9,10,11,11,12,13,13,14,15,15,16,17,17,18,19,19,20,21,21,22,23,25,26,27,27,28,29,29,30,31,31,32,33,33,34,35,35,36,37,37,38,39,39,40,41,41,42,43,43,44,45,48,49,50,50,51,52,52,53,54,54,55,56,56,57,58,58,59,60,60,61,62,62,63,64,64,65,66,66,67,68,68,74,75,75,76,77,77,78,79,79,80,81,81,82,83,83,84,85,86,87,87,88,89,89,90,91,91,92,93,93,94,95,103,104,105,105,106,107,107,108,109,109,110,111,111,112,113,113,114,115,115,116,117,117,118,119,119,120,121,121,122,123,123,124,125,134,135,136,136,137,138,138,139,140,140,141,142,142,143,144,144,145,146,146,147,148,148,159,160,160,161,162,162,163,164,164,165,166,166,167,168,168,169,170,170,171,172,172,173,174,174,175,176,176,186,187,187,188,189,189

cod_gain: 2.000000,1.500000,1.666667,1.500000,1.600000,1.500000,1.571429,1.500000,1.555556,1.500000,1.545455,1.500000,1.538462,1.500000,1.533333,1.500000,1.529412,1.500000,1.526316,1.500000,1.523810,1.500000,1.478261,1.416667,1.400000,1.384615,1.407407,1.392857,1.413793,1.400000,1.419355,1.406250,1.424242,1.411765,1.428571,1.416667,1.432432,1.421053,1.435897,1.425000,1.439024,1.428571,1.441860,1.431818,1.422222,1.391304,1.361702,1.354167,1.346939,1.360000,1.352941,1.365385,1.358491,1.370370,1.363636,1.375000,1.368421,1.379310,1.372881,1.383333,1.377049,1.387097,1.380952,1.390625,1.384615,1.393939,1.388060,1.397059,1.376812,1.357143,1.338028,1.319444,1.301370,1.297297,1.306667,1.302632,1.311688,1.307692,1.316456,1.312500,1.320988,1.317073,1.325301,1.321429,1.317647,1.313953,1.321839,1.318182,1.325843,1.322222,1.329670,1.326087,1.333333,1.329787,1.326316,1.312500,1.298969,1.285714,1.272727,1.260000,1.247525,1.235294,1.233010,1.230769,1.238095,1.235849,1.242991,1.240741,1.247706,1.245455,1.252252,1.250000,1.256637,1.254386,1.260870,1.258621,1.264957,1.262712,1.268908,1.266667,1.272727,1.270492,1.276423,1.274194,1.272000,1.261905,1.251969,1.242188,1.232558,1.223077,1.213740,1.204545,1.195489,1.194030,1.192593,1.198529,1.197080,1.202899,1.201439,1.207143,1.205674,1.211268,1.209790,1.215278,1.213793,1.219178,1.217687,1.222973,1.214765,1.206667,1.198675,1.190789,1.183007,1.175325,1.167742,1.160256,1.152866,1.145570,1.144654,1.150000,1.149068,1.154321,1.153374,1.158537,1.157576,1.162651,1.161677,1.166667,1.165680,1.170588,1.169591,1.174419,1.173410,1.178161,1.177143,1.181818,1.175141,1.168539,1.162011,1.155556,1.149171,1.142857,1.136612,1.130435,1.124324,1.123656,1.128342,1.127660,1.132275

cod_gain_avg: 1.308968
cod_gain_ideal: 1.500000

Values for 3 native nodes:

transm: 

cod_gain: 

cod_gain_avg: 0.000000
cod_gain_ideal: 1.500000

Values for 3 native nodes:

transm: 

cod_gain: 

cod_gain_avg: 0.000000
cod_gain_ideal: 1.500000

Values for 3 native nodes:

transm: 

cod_gain: 

cod_gain_avg: 0.000000
cod_gain_ideal: 1.500000

Values for 3 native nodes:

transm: 1,1,2,3,3,4,5,5,6,7,7,8,9,9,10,11,11,12,12,13,14,14,15,15,16,17,17,18,19,19,20,21,21,22,23,23,24,25,25,26,27,27,28,29,29,30,31,31,32,33,41,42,43,43,44,45,45,46,47,47,48,49,49,50,51,51,52,53,53,54,55,55,56,57,57,58,59,59,60,61,61,62,63,70,71,72,72,73,74,74,75,76,76,77,78,78,79,80,80,81,81,82,83,83,84,84,85,86,86,87,88,88,89,90,90,91,92,100,100,101,102,102,103,104,104,105,106,106,107,108,108,109,110,110,111,112,112,113,114,114,115,116,116,117,118,118,119,120,120,121,122,122,123,124,127,128,128,129,130,130,131,131,132,133,133,134,135,135,136,137,137,138,139,139,140,141,141,142

cod_gain: 2.000000,1.500000,1.666667,1.500000,1.600000,1.500000,1.571429,1.500000,1.555556,1.500000,1.545455,1.583333,1.538462,1.571429,1.600000,1.562500,1.588235,1.555556,1.578947,1.550000,1.571429,1.545455,1.565217,1.541667,1.560000,1.538462,1.555556,1.535714,1.551724,1.533333,1.548387,1.531250,1.515152,1.470588,1.428571,1.388889,1.351351,1.315789,1.282051,1.250000,1.243902,1.238095,1.255814,1.250000,1.266667,1.260870,1.276596,1.270833,1.285714,1.280000,1.294118,1.288462,1.301887,1.296296,1.309091,1.303571,1.315789,1.310345,1.322034,1.316667,1.327869,1.322581,1.317460,1.296875,1.276923,1.257576,1.238806,1.220588,1.202899,1.200000,1.197183,1.208333,1.205479,1.216216,1.213333,1.223684,1.220779,1.230769,1.227848,1.237500,1.246914,1.243902,1.253012,1.261905,1.258824,1.267442,1.264368,1.272727,1.269663,1.277778,1.274725,1.271739,1.258065,1.244681,1.231579,1.218750,1.206186,1.193878,1.181818,1.190000,1.188119,1.196078,1.194175,1.201923,1.200000,1.207547,1.205607,1.212963,1.211009,1.218182,1.216216,1.223214,1.221239,1.228070,1.226087,1.232759,1.230769,1.237288,1.235294,1.241667,1.239669,1.245902,1.243902,1.241935,1.232000,1.222222,1.220472,1.226562,1.224806,1.230769,1.236641,1.234848,1.240602,1.238806,1.244444,1.242647,1.248175,1.246377,1.251799,1.250000,1.255319,1.253521

cod_gain_avg: 1.325107
cod_gain_ideal: 1.500000

Values for 3 native nodes:

transm: 

cod_gain: 

cod_gain_avg: 0.000000
cod_gain_ideal: 1.500000

Values for 3 native nodes:

transm: 1,1,2,3,3,4,5,5,6,7,7,8,9,9,10,11,11,12,13,13,14,15,15,16,17,17,18,18,19,20,20,21,21,22,23,23,24,24,25,26,26,33,34,34,35,36,36,37,38,38,39,40,40,41,42,42,43,44,44

cod_gain: 2.000000,1.500000,1.666667,1.500000,1.600000,1.500000,1.571429,1.500000,1.555556,1.500000,1.545455,1.500000,1.538462,1.500000,1.533333,1.500000,1.529412,1.555556,1.526316,1.550000,1.571429,1.545455,1.565217,1.583333,1.560000,1.576923,1.518519,1.464286,1.413793,1.366667,1.322581,1.281250,1.272727,1.294118,1.285714,1.305556,1.297297,1.315789,1.307692,1.325000,1.317073,1.333333,1.325581,1.340909

cod_gain_avg: 1.469601
cod_gain_ideal: 1.500000

Values for 3 native nodes:

transm: 1,1,2,3,3,4,5,5,6,7,7,8,9,9,10,11,12,13,13,14,14,15,16,16,17,17,18,19,19,20,20,21,22,22,23,23,24,25,25,26,26,27,28,28,29,30,30,31,32,36,37,38,38,39,40,40,41,42,42,43

cod_gain: 2.000000,1.500000,1.666667,1.500000,1.600000,1.500000,1.571429,1.500000,1.555556,1.500000,1.454545,1.416667,1.461538,1.500000,1.466667,1.500000,1.529412,1.500000,1.526316,1.550000,1.523810,1.545455,1.565217,1.541667,1.560000,1.576923,1.555556,1.571429,1.551724,1.566667,1.548387,1.531250,1.484848,1.441176,1.400000,1.388889,1.378378,1.394737,1.384615,1.400000,1.390244,1.404762,1.395349

cod_gain_avg: 1.509299
cod_gain_ideal: 1.500000

Values for 3 native nodes:

transm: 

cod_gain: 

cod_gain_avg: 0.000000
cod_gain_ideal: 1.500000

Values for 3 native nodes:

transm: 1,1,2,3,3,4,5,5,6,7,7,8,9,9,10,11,11,12,13,13,14,15,15,16,17,17,18,19,19,20,21,21,22,23,24,25,26,26,27,28,28,29,30,30,31,32,32,33,34,34,35,36,36,37,38,38,39,40,40,41,42,42,43,44,45,46,47,47,48,49,49,50,51,51,52,53,53,54,55,55,56,57,57,58,59,59,60,61,61,62,63,63,64,65,65,66,67,67,68,69,69,70,71,71,72,73,73,74,75,75,76,77,77,78,79,79,80,81,81,82,83,83,84,85,85,86,87,91,92,93,93,94,95,95,96,97,97,98,99,99,100,100,101,102,102,103,104,104,105,106,106,107,108,108,109,110,116,117,118,118,119,120,120,121,122,122,123,124,124,125,126,126,127,128,128,129,130,130,131,132,132,133,134,141,142,143,143,144,145,145,146,147,147,148,149,149,150,151,151,152,153,153,154,155,155,156,157,162,163,164,164,165

cod_gain: 2.000000,1.500000,1.666667,1.500000,1.600000,1.500000,1.571429,1.500000,1.555556,1.500000,1.545455,1.500000,1.538462,1.500000,1.533333,1.500000,1.529412,1.500000,1.526316,1.500000,1.523810,1.500000,1.478261,1.458333,1.440000,1.461538,1.444444,1.464286,1.448276,1.466667,1.451613,1.468750,1.454545,1.470588,1.457143,1.472222,1.459459,1.473684,1.461538,1.475000,1.463415,1.476190,1.465116,1.454545,1.444444,1.434783,1.446809,1.437500,1.448980,1.440000,1.450980,1.442308,1.452830,1.444444,1.454545,1.446429,1.456140,1.448276,1.457627,1.450000,1.459016,1.451613,1.460317,1.453125,1.461538,1.454545,1.462687,1.455882,1.463768,1.457143,1.464789,1.458333,1.465753,1.459459,1.466667,1.460526,1.467532,1.461538,1.468354,1.462500,1.469136,1.463415,1.469880,1.464286,1.470588,1.465116,1.459770,1.443182,1.426966,1.411111,1.406593,1.402174,1.408602,1.404255,1.410526,1.406250,1.412371,1.408163,1.414141,1.420000,1.415842,1.421569,1.417476,1.423077,1.419048,1.424528,1.420561,1.425926,1.422018,1.418182,1.405405,1.392857,1.380531,1.368421,1.356522,1.353448,1.350427,1.355932,1.352941,1.358333,1.355372,1.360656,1.357724,1.362903,1.360000,1.365079,1.362205,1.367188,1.364341,1.369231,1.366412,1.371212,1.368421,1.365672,1.355556,1.345588,1.335766,1.326087,1.316547,1.307143,1.304965,1.302817,1.307692,1.305556,1.310345,1.308219,1.312925,1.310811,1.315436,1.313333,1.317881,1.315789,1.320261,1.318182,1.322581,1.320513,1.318471,1.310127,1.301887,1.293750,1.285714,1.283951,1.282209,1.286585,1.284848

cod_gain_avg: 1.423544
cod_gain_ideal: 1.500000

